mgc_rve_context "inv2" 1000
mgc_rve_layer "tiod"
mr 520 -770 1020 -250
mp 6 520 -3890 1040 -3890 1040 -3585 630 -3585 630 -3630 520 -3630
mgc_rve_layer "tndiff"
mp 6 520 -3890 1040 -3890 1040 -3585 630 -3585 630 -3630 520 -3630
mgc_rve_layer "tpdiff"
mr 520 -770 1020 -250
mgc_rve_layer "metal1"
mp 8 595 -3865 1005 -3865 1005 -295 675 -295 675 -635 800 -635 800 -3615 595 -3615
mgc_rve_layer "M1"
mp 8 595 -3865 1005 -3865 1005 -295 675 -295 675 -635 800 -635 800 -3615 595 -3615
mgc_rve_layer "ndiff"
mp 6 520 -3890 1040 -3890 1040 -3585 630 -3585 630 -3630 520 -3630
mgc_rve_layer "pdiff"
mr 520 -770 1020 -250
mgc_rve_layer "s_pdiff"
mr 520 -770 1020 -250
mgc_rve_zoom 0.409 -4.67 1.151 0.53 1
