mgc_rve_context "MAC_BIST" 1000
mgc_rve_layer "metal1"
mr 275505 212935 275855 213285
mgc_rve_layer "poly"
mp 16 275295 211045 275435 211045 275435 212585 275645 212585 275645 212935 275855 212935 275855 215825 275995 215825 275995 217485 275855 217485 275855 215965 275715 215965 275715 213285 275505 213285 275505 212725 275295 212725
mgc_rve_layer "M1"
mr 275505 212935 275855 213285
mgc_rve_layer "poly_co"
mp 16 275295 211045 275435 211045 275435 212585 275645 212585 275645 212935 275855 212935 275855 215825 275995 215825 275995 217485 275855 217485 275855 215965 275715 215965 275715 213285 275505 213285 275505 212725 275295 212725
mgc_rve_zoom 275.145 209.665 276.145 218.865 1
